{
  "217": {
    "wc_R": [
      [
        -0.0506664191406645,
        0.7330024833086919,
        -0.6783364013782198
      ],
      [
        0.9965659214221227,
        0.0816466702199441,
        0.013790775977851666
      ],
      [
        0.06549258150003029,
        -0.6753082116376836,
        -0.734622039598034
      ]
    ],
    "wc_T": [
      9356.789008598606,
      9885.816318989648,
      4732.030819131806
    ],
    "undist_intr": [
      [
        554.1596071807026,
        0.0,
        910.4837160130922
      ],
      [
        0.0,
        554.1188961948598,
        520.4849028866255
      ],
      [
        0.0,
        0.0,
        1.0
      ]
    ],
    "fx": 554.1596071807026,
    "fy": 554.1188961948598
  },
  "218": {
    "wc_R": [
      [
        0.06427591592333126,
        -0.8052731609692885,
        0.5894096562279477
      ],
      [
        -0.996852524748223,
        -0.024344340193698466,
        0.07544797547732646
      ],
      [
        -0.046407440516695875,
        -0.592403991650178,
        -0.8043033383877163
      ]
    ],
    "wc_T": [
      334.48704008609445,
      9911.194811828604,
      5082.584873745253
    ],
    "undist_intr": [
      [
        534.6671933882753,
        0.0,
        899.7865199961077
      ],
      [
        0.0,
        534.97015344333,
        534.8939994418822
      ],
      [
        0.0,
        0.0,
        1.0
      ]
    ],
    "fx": 534.6671933882753,
    "fy": 534.97015344333
  },
  "219": {
    "wc_R": [
      [
        0.9993149653610142,
        0.0019136510087727821,
        0.03695859771868606
      ],
      [
        -0.008050259238384441,
        -0.9635081684777614,
        0.2675578490772125
      ],
      [
        0.036121923145229266,
        -0.26767208897538464,
        -0.962832726620696
      ]
    ],
    "wc_T": [
      5050.80111875742,
      15782.440323902301,
      5511.676990268464
    ],
    "undist_intr": [
      [
        571.8030161863879,
        0.0,
        966.4297198725134
      ],
      [
        0.0,
        572.2012482512697,
        537.2550153880991
      ],
      [
        0.0,
        0.0,
        1.0
      ]
    ],
    "fx": 571.8030161863879,
    "fy": 572.2012482512697
  },
  "221": {
    "wc_R": [
      [
        0.0008420438455311041,
        -0.7772740091096153,
        0.6291616689888442
      ],
      [
        -0.999944724638802,
        0.005939402897405577,
        0.008675895357404761
      ],
      [
        -0.010480392606794453,
        -0.629134197334629,
        -0.7772260437703561
      ]
    ],
    "wc_T": [
      390.45359522060573,
      10504.541839783444,
      5001.074209256959
    ],
    "undist_intr": [
      [
        564.3893564223287,
        0.0,
        914.7890134916703
      ],
      [
        0.0,
        564.6680136668017,
        521.3785101423326
      ],
      [
        0.0,
        0.0,
        1.0
      ]
    ],
    "fx": 564.3893564223287,
    "fy": 564.6680136668017
  },
  "222": {
    "wc_R": [
      [
        0.9986963655980458,
        0.05087336524353612,
        0.004179718896273669
      ],
      [
        0.046074691655489004,
        -0.9336724933767729,
        0.35515179557542936
      ],
      [
        0.02197025557670435,
        -0.354496228217449,
        -0.9347993004113218
      ]
    ],
    "wc_T": [
      4651.77875671047,
      3254.7097806839047,
      5603.74662461067
    ],
    "undist_intr": [
      [
        559.1547970890308,
        0.0,
        972.4674584651115
      ],
      [
        0.0,
        559.4574315361716,
        515.1992905418689
      ],
      [
        0.0,
        0.0,
        1.0
      ]
    ],
    "fx": 559.1547970890308,
    "fy": 559.4574315361716
  },
  "223": {
    "wc_R": [
      [
        0.9996169892585238,
        0.022354450976910998,
        0.016314205688457234
      ],
      [
        0.019906179898743003,
        -0.9903310708125757,
        0.13728843427272464
      ],
      [
        0.019225472362552953,
        -0.1369110978143782,
        -0.9903967550975208
      ]
    ],
    "wc_T": [
      4455.346429453806,
      15837.830180425863,
      5457.74689469673
    ],
    "undist_intr": [
      [
        549.5491304642037,
        0.0,
        1012.1655630478347
      ],
      [
        0.0,
        549.7698467009045,
        563.3602991218019
      ],
      [
        0.0,
        0.0,
        1.0
      ]
    ],
    "fx": 549.5491304642037,
    "fy": 549.7698467009045
  },
  "224": {
    "wc_R": [
      [
        -0.055079522504964507,
        0.7211629760754688,
        -0.6905723771905433
      ],
      [
        0.9974062657248939,
        0.07183429486729431,
        -0.004535986512449186
      ],
      [
        0.04633559423755784,
        -0.6890310559175774,
        -0.7232490696072557
      ]
    ],
    "wc_T": [
      9231.73353785418,
      10389.970449766573,
      4816.052379464357
    ],
    "undist_intr": [
      [
        556.3426874016867,
        0.0,
        918.3218619483497
      ],
      [
        0.0,
        556.0500184827606,
        519.809550836884
      ],
      [
        0.0,
        0.0,
        1.0
      ]
    ],
    "fx": 556.3426874016867,
    "fy": 556.0500184827606
  },
  "225": {
    "wc_R": [
      [
        0.999342937012271,
        0.002316371331197514,
        0.036170826193846754
      ],
      [
        -0.009334771469262319,
        -0.9478417457174764,
        0.31860459368449734
      ],
      [
        0.035022225590417726,
        -0.31873289679464056,
        -0.9471973311911257
      ]
    ],
    "wc_T": [
      5096.1127350228035,
      3425.3718243977437,
      5734.4397083317135
    ],
    "undist_intr": [
      [
        565.5069441667389,
        0.0,
        914.0482146177089
      ],
      [
        0.0,
        565.4122675500349,
        523.6556474149395
      ],
      [
        0.0,
        0.0,
        1.0
      ]
    ],
    "fx": 565.5069441667389,
    "fy": 565.4122675500349
  }
}